13 1771
21 1661
26 618
33 1782
43 1674
54 1681
76 1449
81 1245
84 1139
84 1396
85 1671
91 1436
94 125
95 1155
98 1166
102 119
105 1388
106 1266
108 130
112 1422
117 1210
122 1149
125 1383
127 1283
134 106
139 79
141 1294
142 1212
144 1621
147 1609
147 85
146 1147
155 1212
157 1307
158 138
163 1627
173 1284
175 1317
186 1211
189 627
189 1322
198 1368
201 1328
214 1335
214 1415
215 258
217 1456
220 627
234 987
237 626
239 1517
241 1345
242 1323
242 1332
254 626
258 1407
262 93
265 1381
270 1011
272 1242
272 623
274 1477
284 1356
285 1103
301 1143
302 1436
315 1184
320 1144
331 1390
335 1144
338 1132
379 1149
407 1334
416 1286
423 1223
425 1130
428 303
431 1353
432 1098
436 1341
522 1232
538 1350
546 1139
548 1307
550 1350
568 1302
590 1346
592 1354
591 1381
593 1296
600 1355
617 1710
625 1728
630 1290
631 1747
634 113
635 1219
638 1232
641 115
646 1679
662 1767
664 1302
665 1273
672 1689
675 1272
685 1668
685 1686
686 1271
689 1774
692 1329
696 1270
698 1693
701 1326
705 1526
705 1746
706 1307
706 1654
713 1227
714 1232
714 1594
716 1601
716 1607
717 1384
720 1627
723 1638
724 1651
725 1340
725 1707
728 1281
728 1295
729 1304
728 1325
730 1598
730 1676
731 1701
732 1754
736 1789
747 1786
752 485
754 307
753 1228
754 1415
759 497
760 1403
776 1373
795 1333
796 1248
797 565
798 1780
802 1051
802 1664
803 1348
803 1586
806 1224
808 1272
822 1282
823 1456
830 1079
832 1462
835 1440
838 1606
844 1333
844 1445
845 1609
847 384
848 1069
851 267
858 383
858 430
861 415
862 1620
863 1270
867 432
867 1395
867 1485
867 1555
867 1787
870 1271
873 558
872 944
874 938
881 1128
889 1325
890 1370
895 1366
897 1504
901 980
903 1347
908 1351
909 1385
912 894
914 1006
916 955
920 1325
925 960
925 1010
928 1157
928 877
928 1307
929 1004
931 428
931 1036
931 1224
932 1369
933 1242
935 1270
935 1256
936 1283
938 1406
939 1450
943 980
943 1017
945 1047
946 449
946 1666
949 970
953 1386
957 1137
959 426
960 989
962 1024
962 1121
963 1372
965 976
970 653
973 1431
973 1213
974 665
975 1103
979 1238
978 1302
978 1380
984 656
984 985
984 1465
987 1270
988 1386
989 1286
990 1033
990 1730
994 970
995 1442
1002 1347
1003 1235
1003 1246
1003 1507
1005 734
1005 1648
1006 1003
1007 1370
1011 1235
1011 1340
1012 1455
1013 1447
1015 418
1016 1385
1018 1014
1021 1320
1025 1020
1027 1745
1028 1342
1029 767
1032 1452
1031 1475
1032 1673
1034 1152
1038 1279
1038 985
1038 1032
1038 1246
1039 1235
1041 740
1041 1341
1042 1642
1045 1511
1048 1149
1049 1626
1051 996
1053 1352
1053 1367
1057 1234
1057 1105
1059 913
1060 1055
1064 1481
1066 413
1069 1572
1069 1296
1069 1511
1070 973
1070 1374
1071 731
1072 1142
1074 737
1074 1565
1077 834
1078 732
1080 1483
1081 1079
1083 1236
1083 983
1085 1084
1086 892
1086 1398
1086 1546
1092 1308
1092 856
1092 1268
1092 1537
1093 1049
1093 1758
1095 1773
1099 1373
1100 871
1102 1314
1104 879
1104 1495
1104 1772
1105 952
1106 1109
1107 357
1108 1454
1109 1278
1109 1789
1110 1480
1113 1131
1114 1495
1116 1146
1117 1011
1118 1540
1125 558
1126 1239
1128 407
1133 556
1134 1328
1134 980
1138 930
1141 407
1143 463
1156 1193
1157 348
1159 1783
1163 829
1164 1229
1167 1244
1172 379
1178 1406
1180 467
1185 1377
1186 1517
1192 1097
1194 787
1198 1221
1201 1424
1204 1405
1207 1125
1211 1379
1211 1423
1215 1660
1216 682
1217 1107
1219 1316
1219 1550
1229 1087
1233 1343
1234 1541
1241 1328
1246 945
1248 1195
1249 837
1250 607
1250 1208
1255 915
1259 944
1260 1128
1261 1145
1261 1678
1263 1195
1262 1207
1266 1130
1268 895
1270 907
1271 923
1272 1267
1273 512
1274 942
1276 958
1279 980
1280 468
1280 1400
1294 997
1290 1197
1290 1210
1291 920
1294 1138
1296 1129
1297 1464
1298 951
1299 1279
1299 519
1299 850
1303 869
1307 893
1308 901
1309 1132
1310 1694
1311 916
1312 934
1315 945
1317 1209
1320 1195
1319 996
1321 1447
1321 1454
1320 1481
1322 1398
1322 1410
1322 1686
1324 891
1327 1147
1328 1376
1328 972
1330 1136
1331 1210
1330 1673
1331 810
1334 1202
1334 1126
1335 1177
1337 932
1337 1454
1338 1163
1338 1427
1341 888
1341 1232
1342 1102
1343 1140
1344 1245
1345 977
1346 858
1346 1364
1347 841
1349 1271
1348 1375
1352 1397
1353 854
1353 1020
1353 1202
1353 1424
1354 1192
1359 1289
1360 1048
1360 1690
1362 1023
1363 922
1366 984
1367 1024
1374 988
1376 776
1377 841
1378 953
1378 1281
1379 1291
1382 936
1384 770
1385 990
1385 1368
1387 914
1388 1191
1390 835
1393 994
1401 908
1402 858
1403 757
1406 950
1407 1038
1408 1364
1409 826
1409 1151
1410 1028
1411 937
1413 1190
1413 1392
1415 1403
1416 1294
1419 1002
1421 899
1426 855
1428 1360
1428 1393
1429 800
1431 1045
1434 869
1438 1391
1439 1046
1443 889
1444 1340
1449 894
1450 884
1450 1046
1451 1356
1453 842
1453 1345
1454 1751
1456 887
1457 820
1459 802
1458 834
1460 755
1459 783
1459 849
1460 882
1462 721
1462 729
1463 1017
1466 875
1466 1306
1474 1355
1476 634
1477 59
1480 724
1480 1157
1481 94
1487 913
1487 1363
1489 784
1489 800
1491 813
1493 821
1497 842
1497 1051
1498 1023
1498 1041
1501 209
1501 363
1501 303
1501 862
1504 311
1504 1003
1513 987
1516 113
1520 143
1520 1163
1524 111
1526 132
1528 142
1531 688
1531 812
1531 818
1534 131
1535 140
1535 834
1536 841
1538 854
1543 1270
1553 850
1555 860
1560 1167
1567 989
1573 691
1578 1273
1581 842
1584 851
1587 1354
1591 1261
1594 1072
1595 1372
1596 1323
1607 1191
1608 1278
1608 1343
1610 583
1615 936
1616 1424
1617 56
1618 1397
1619 1366
1630 581
1634 1165
1640 672
1641 686
1642 246
1646 918
1648 1489
1649 575
1650 12
1653 694
1657 362
1660 1501
1664 1334
1668 273
1680 1193
1693 302
1701 328
1710 327
1721 1508
1732 1290
1732 1429
1752 887
1752 1408
1758 555
1760 1028
1760 1556
1761 1326
1763 1338
1777 54
1778 1374
1786 1386
1792 1252
1794 736
1796 511
1800 1277
1800 1285
1802 498
1804 1548
1812 472
1816 462
1817 1724
1821 1510
1827 375
1831 1529
1832 1504
1835 1011
1836 1194
1839 797
1841 753
1846 785
1849 771
1849 777
1850 760
1854 1705
1856 1216
1857 1207
1862 1485
1864 1480
1864 1352
1865 1728
1866 1217
1873 450
1873 27
1875 1216
1876 35
1876 380
1880 1756
1882 439
1882 1533
1883 1000
1886 1678
1888 432
1887 766
1892 428
1901 158
1904 1675
1907 8
1916 1579
1918 1733
1931 205
1932 1422
1935 452
1944 306
1945 1664
1946 872
1955 969
1954 1422
1964 961
1963 1450
1968 1422
1971 1689
1973 461
1974 42
1975 961
1982 1423
1991 955
1995 950
1996 1423
1995 1707
2005 1017
2010 1224
2012 887
2013 994
2015 724
2022 1697
2024 1671
2026 468
2027 441
2027 1423
2028 426
2029 1000
2032 928
2034 985
2034 493
2040 1091
2041 1082
2041 1461
2043 1017
2043 1038
2043 1051
2044 477
2050 989
2055 920
2056 971
2059 450
2059 517
2067 888
2068 541
2070 929
2077 910
2080 689
2084 890
2089 1623
2092 798
2092 345
2092 868
2096 502
2098 1001
2104 331
2116 1506
2118 1495
2119 890
2120 1575
2126 826
2132 673
2139 437
2149 902
2150 891
2153 294
2154 866
2157 473
2161 849
2161 1025
2162 374
2165 959
2181 343
2185 1027
2212 912
2217 871
2220 912
2228 910
2232 903
2237 719
2238 434
2240 1321
2246 435
2246 592
2248 553
2256 554
2261 1486
2269 411
2269 423
2270 1647
2270 1665
2271 177
2273 1625
2283 176
2292 283
2294 378
2297 152
2297 350
2300 312
2314 858
2326 1650
2328 1449
2330 856
2334 688
2334 879
2359 853
2361 1619
2371 852
839 1074
690 1473
71 1325
1382 1028
1094 1524
1570 329
991 1307
289 1343
1306 1643
1183 393
166 1592
982 1261
998 1393
151 1417
1556 804
1641 696
374 1241
2052 1684
1371 644
206 1289
1990 1409
1129 1194
1211 353
1546 1029
1358 1000
1908 1701
233 1487
1370 932
718 1249
1879 412
1952 1640
149 1352
2012 972
999 1335
865 957
1164 390
944 1398
1237 554
952 1146
1732 669
1701 703
720 1355
1148 1263
878 367
2160 1495
198 1260
1190 1116
952 1417
1289 907
2045 949
1664 802
899 1050
668 1671
916 1056
2112 990
1446 864
1461 1318
761 343
2128 1568
1205 1304
1598 846
1690 1358
1576 1296
1532 1019
1109 1237
1416 1413
2322 1634
1401 961
2013 1377
1539 1239
1527 958
1069 1713
2134 940
1389 1393
1960 1662
1322 1179
1325 1158
990 1405
912 1736
2006 1251
2201 995
1030 880
1868 942
1025 1489
1895 1193
848 1471
1003 793
1260 836
2265 1606
1457 1026
1702 1525
1158 1464
929 1067
1266 866
1829 750
189 1446
1099 1399
2033 888
1135 1234
736 492
2148 1513
2117 341
1052 955
1926 1452
1512 210
1243 919
407 1277
1273 562
2221 600
220 1475
408 1294
1610 678
1098 1101
306 1311
1930 318
246 87
276 1364
1934 223
281 1216
2092 813
1709 941
1334 828
1228 1321
992 1494
1021 1531
683 1711
1262 1654
1097 1035
1623 1462
245 1462
1502 885
952 1002
1067 1328
2225 940
1051 1335
1042 1264
364 1346
2197 899
914 1026
1128 921
1321 1432
1085 1473
1574 865
2139 147
1252 897
1185 369
2141 867
1457 682
1578 1222
221 1504
1379 813
139 1413
2022 1020
2301 1453
433 1261
1459 859
983 1093
1814 1312
1791 1457
935 992
1397 887
1412 1176
1143 1203
399 1355
787 1348
1408 768
2146 998
994 1081
1396 848
1429 916
1421 1325
994 992
813 1645
1246 1317
1620 583
1017 1428
1988 915
2307 1611
1836 1204
329 1174
1133 1343
1712 706
1932 839
1556 1009
1994 275
1694 581
1673 305
895 990
1339 1336
1192 407
1560 329
1139 1288
1143 951
2132 1509
1483 1344
1528 1264
984 1705
1296 840
1147 1471
698 1351
869 388
1985 837
2162 482
379 1332
243 1154
2078 699
1185 1568
1064 1005
1814 741
938 1056
358 1405
1381 1444
1242 1270
875 1024
2069 1644
1885 373
2024 1010
1719 446
1168 1376
2224 485
1615 688
1000 1412
1968 856
2016 1357
1962 1440
1862 754
949 1166
1109 1021
1942 860
2097 1616
2026 1365
1725 689
1862 1532
1873 159
2001 853
920 1080
2112 854
1011 912
994 1023
1682 1348
94 1255
1117 381
239 1394
1431 961
1150 340
1759 1315
893 1058
1370 974
921 1360
1166 1025
1974 397
1066 921
2145 453
762 330
1561 1036
857 1090
1705 717
687 1175
1293 934
1310 964
1459 1298
1293 1683
934 1184
349 1215
1678 573
817 1429
734 1462
1489 1334
1542 1006
2012 1005
1282 990
918 1149
968 1012
294 1430
1745 645
1913 21
1081 1409
1910 1711
1857 1389
1350 953
2219 208
2096 836
1531 1380
1602 1252
1975 426
481 1342
1849 1469
2018 1683
1381 898
1319 1464
1795 860
838 1272
1334 1310
1626 1298
1002 919
1009 1024
2110 1586
1699 1463
2125 929
1220 1063
710 1152
1295 987
1688 564
1547 996
341 1168
1072 1387
1879 1478
1835 1356
1999 1473
1126 986
887 1120
745 1594
1553 986
1895 26
2230 441
2251 412
1580 1059
1084 925
196 1284
1307 1142
1330 1366
1841 1524
1522 992