647 630
303 864
1032 999
1062 1040
217 860
958 985
313 306
642 882
730 715
633 793
279 255
467 835
622 850
46 44
662 664
901 848
36 813
1060 956
273 892
717 1076
917 794
363 1067
389 908
597 829
539 791
71 1072
786 915
805 957
455 453
801 780
991 998
1 863
706 705
627 625
404 844
987 876
347 805
492 823
999 1024
769 111
562 910
505 501
251 242
965 861
474 460
721 987
18 15
1066 840
458 915
835 480
35 29
334 948
473 933
195 191
509 490
325 319
1081 1043
316 772
30 883
181 153
159 1033
419 792
341 317
690 680
537 534
395 844
350 814
1064 997
913 777
868 826
144 809
474 463
349 974
589 573
701 684
587 954
420 956
616 615
495 492
316 1044
495 937
871 992
374 844
198 177
1023 1039
837 1028
390 1069
144 143
965 786
721 707
32 27
577 571
480 1011
131 130
149 854
262 263
468 481
928 936
612 925
715 952
422 404
169 142
743 876
93 89
233 223
588 583
621 618
150 137
694 689
987 1083
839 964
1030 1078
45 34
849 870
132 120
986 948
395 394
516 502
527 515
171 1016
1070 985
638 616
365 1029
487 472
499 494
179 854
762 759
238 1063
800 1037
74 73
502 496
660 842
429 408
349 321
580 808
594 619
543 541
167 142
416 908
456 453
877 863
402 401
699 817
130 129
708 1049
646 622
516 824
454 1015
568 916
51 1010
1087 844
744 987
990 969
592 587
467 928
210 899
587 773
512 473
152 940
539 838
407 406
904 971
370 805
284 263
145 128
185 175
814 1017
434 398
592 954
44 877
597 1065
798 1000
869 1020
381 380
492 487
655 643
405 1029
370 351
696 695
508 915
339 930
458 425
397 390
334 312
708 822
246 854
393 382
328 995
647 798
746 856
1030 1039
546 879
196 994
652 647
426 410
651 1001
537 773
680 649
575 573
837 963
536 515
633 798
521 481
266 257
518 942
235 229
372 386
464 458
419 844
433 418
528 527
755 747
102 796
122 967
598 818
652 798
223 219
840 1066
175 174
687 920
744 743
37 813
244 779
517 962
702 680
340 1012
381 372
1017 1067
720 718
751 1048
307 287
720 887
655 842
840 723
212 1040
105 103
238 1006
909 297
680 969
1075 1046
917 877
624 598
39 867
809 967
320 1012
301 298
732 748
40 787
664 677
729 934
448 979
672 670
761 746
650 797
257 774
589 829
390 387
171 1030
52 51
141 1034
791 831
437 434
380 861
634 633
71 947
220 212
587 985
716 961
998 836
851 263
14 7
13 7
612 1075
149 802
827 843
401 816
4 1
912 873
580 579
598 888
1071 1080
320 811
790 777
217 806
648 644
162 853
738 735
649 993
248 1006
710 1004
668 658
134 133
415 389
263 851
878 971
887 1049
388 384
80 922
57 55
417 424
882 885
260 255
76 1021
206 204
794 897
57 1010
535 773
448 956
991 836
211 899
678 1002
760 856
988 808
576 575
682 681
601 852
708 703
157 1025
319 292
912 861
606 604
142 138
669 656
499 857
681 675
793 842
653 639
286 772
736 734
76 867
56 867
506 505
867 56
620 614
33 799
41 40
62 775
913 803
514 857
838 910
355 350
463 460
409 398
314 305
203 1016
409 1060
302 295
534 958
47 39
686 684
689 800
307 305
768 153
632 623
46 897
292 880
526 525
780 801
939 935
268 258
265 221
809 1079
855 965
644 638
483 482
544 543
748 745
538 531
939 1063
94 893
712 1049
781 919
354 348
699 865
125 124
613 610
480 474
378 366
272 260
121 120
582 572
73 922
316 297
68 904
116 111
678 990
660 793
20 14
704 702
111 893
806 994
60 54
106 111
442 1060
760 834
154 128
513 512
219 211
849 1005
728 710
54 49
662 646
199 927
538 791
664 661
1084 1022
592 1001
340 1009
233 1040
409 392
554 516
856 945
1064 868
1027 1069
588 1065
748 876
26 22
284 297
65 1041
425 401
162 159
1075 925
442 437
980 843
829 1065
451 435
622 601
239 964
212 860
757 754
547 508
737 901
586 808
692 677
551 548
121 116
457 1015
235 801
707 704
750 749
528 507
225 208
635 1046
698 689
270 269
873 912
180 178
645 798
56 24
868 961
824 1028
418 401
50 917
276 273
680 990
490 937
50 778
297 284
304 294
289 870
463 1056
19 16
224 178
793 1045
542 434
479 1011
322 305
39 2
571 942
626 624
441 425
390 1027
912 965
396 1057
1028 824
476 938
726 724
455 792
149 768
657 871
356 890
460 795
664 662
553 555
779 244
658 648
531 530
663 657
749 856
97 89
1001 882
1006 1063
334 314
456 1015
510 923
503 452
677 847
567 1061
572 558
44 1010
104 102
114 100
794 917
746 921
786 861
523 497
891 892
187 182
272 902
414 413
717 961
79 77
42 41
182 161
164 968
1025 1068
277 267
885 882
287 832
1030 202
542 837
449 426
114 127
220 211
318 1077
340 790
64 63
280 266
184 187
583 573
281 268
599 1054
960 995
385 373
28 0
594 593
773 985
909 864
115 796
976 993
417 405
494 491
663 836
393 816
290 1073
411 1027
197 854
694 692
1079 1034
930 866
299 789
401 400
446 792
233 939
331 930
497 495
469 459
752 856
164 1021
561 838
808 1024
101 93
711 686
43 41
489 488
561 828
400 816
394 379
152 853
650 1018
661 950
747 1083
318 289
389 354
216 208
45 867
379 374
909 1044
622 950
471 480
929 481
731 934
516 1028
501 505
398 1060
665 663
332 1009
258 228
725 1048
546 520
1039 1030
366 941
113 105
444 432
225 780
127 125
108 100
560 564
754 747
345 803
1020 970
287 272
563 1050
790 913
343 810
593 1042
599 829
1064 826
385 1026
551 898
86 85
308 304
970 1082
615 613
222 203
510 501
429 1047
708 1066
90 87
21 13
482 444
478 436
2 867
365 776
429 421
227 849
505 490
595 1007
308 772
475 435
489 482
648 797
30 25
801 231
243 229
548 547
173 187
231 801
714 822
670 991
775 881
118 117
639 605
36 1086
791 837
236 780
928 1056
195 927
801 779
900 902
481 468
178 147
315 302
120 116
91 769
1008 770
315 805
376 1029
777 805
187 184
559 547
84 81
266 235
623 925
143 809
320 285
339 814
321 316
487 928
943 989
392 391
285 1009
880 789
262 253
537 535
558 1080
870 1019
56 883
63 66
423 398
29 1
454 1047
615 594
366 364
337 913
25 24
623 852
681 1055
186 927
786 965
612 611
525 509
987 1082
480 937
446 435
178 227
292 789
713 1020
606 599
222 231
282 240
322 307
924 977
187 1016
536 523
782 808
598 862
364 361
650 648
383 378
691 676
474 1011
130 126
1076 871
619 797
819 906
803 790
127 111
777 790
906 819
829 1007
491 475
676 677
659 1018
624 862
1062 1005
134 127
335 1017
295 261
542 521
125 127
586 580
748 747
166 811
385 1038
557 542
516 484
573 566
132 125
317 1029
363 360
128 118
787 813
564 916
1045 793
449 447
160 853
961 868
168 968
171 804
116 105
156 141
363 386
727 1020
282 1019
666 663
193 182
672 800
18 24
167 164
1034 940
657 788
453 446
680 668
76 825
531 831
254 218
156 152
613 619
842 798
223 215
107 796
302 805
444 841
940 1034
306 295
289 1019
629 627
490 923
79 72
153 1023
418 402
346 859
163 160
604 599
273 247
770 1008
553 552
201 821
201 906
847 836
53 52
645 1074
140 117
451 446
296 293
241 234
61 50
642 797
486 471
1002 969
1001 1043
533 399
758 754
933 923
535 533
139 98
703 1049
625 624
312 864
49 47
485 479
1067 1017
597 896
477 915
811 968
865 969
998 812
481 929
617 798
982 997
688 687
635 1075
455 1015
925 1075
1034 1079
567 830
122 769
357 353
192 180
62 51
372 367
336 315
361 827
477 936
979 833
279 278
526 507
406 403
38 32
303 262
653 1043
66 64
138 825
806 1014
92 893
397 1026
199 195
623 946
207 205
288 284
562 818
600 1042
279 1073
548 528
472 936
263 262
407 393
123 111
560 554
630 617
614 1000
487 486
285 803
410 391
1077 995
157 149
256 248
948 986
245 851
245 209
800 984
656 651
578 565
327 789
989 845
559 546
331 322
137 136
925 1046
953 1032
539 1090
730 1083
525 506
97 1025
185 209
394 1087
738 737
1007 829
514 485
552 536
830 962
950 993
994 806
990 996
561 555
77 68
33 26
371 368
104 796
1067 1038
13 8
1034 809
275 265
997 826
736 735
490 915
554 963
101 796
772 1044
638 619
935 1063
682 842
210 194
421 408
714 698
721 876
619 594
1038 386
428 843
510 492
424 417
1036 1071
350 1017
520 513
63 886
539 1071
524 517
728 1004
530 499
598 1058
577 953
637 631
808 949
840 822
668 969
252 241
214 892
514 831
114 108
654 798
59 52
663 788
360 355
533 872
585 574
607 606
524 493
232 227
251 801
232 224
229 226
327 325
864 866
256 1063
995 1077
1044 1073
188 187
589 575
955 981
365 353
171 187
1003 806
51 43
1024 999
1040 1062
605 1001
382 381
739 735
62 884
838 1036
715 869
591 578
876 748
1024 818
601 888
146 1023
728 726
144 140
825 1021
407 1026
1082 970
807 1042
336 318
818 828
406 393
713 697
377 368
629 993
338 337
428 929
703 699
448 444
245 892
513 508
1080 1071
629 625
655 1045
320 790
501 487
676 672
646 850
9 6
425 889
146 145
1004 914
88 87
634 599
438 792
727 970
822 840
319 880
418 408
240 1062
228 221
722 876
248 1063
690 683
62 52
836 991
789 930
153 1068
86 84
748 742
432 448
432 908
471 928
72 971
213 168
40 37
359 342
850 1058
299 280
452 424
306 1005
1042 985
361 890
781 11
768 1023
776 1029
687 679
465 457
456 771
31 972
707 680
368 843
596 1007
538 831
894 974
217 1003
463 795
751 911
476 833
631 946
472 469
144 932
440 420
468 449
326 316
19 11
574 872
1019 870
739 721
695 694
194 899
827 986
112 796
261 849
324 321
441 918
439 433
228 821
402 816
702 690
454 439
517 824
448 432
348 948
581 954
905 876
652 1045
398 383
569 1061
9 1008
845 801
203 804
581 773
1082 987
1056 467
37 799
261 854
421 792
536 529
557 837
329 308
881 775
379 1087
226 202
603 829
1074 1075
517 502
150 940
741 921
732 876
23 17
469 458
237 774
700 699
367 386
538 838
726 914
34 867
642 983
268 880
722 869
898 552
305 900
410 398
604 603
784 881
472 471
269 903
165 981
831 791
485 470
603 1013
603 599
466 462
165 819
321 303
138 867
434 423
51 884
336 960
720 914
496 484
985 942
702 973
353 776
3 0
360 350
915 786
176 148
488 476
886 972
66 947
847 677
300 268
956 1060
132 1034
117 1025
200 968
412 396
182 187
455 438
183 173
10 5
473 464
458 918
578 916
347 957
51 787
532 531
861 965
283 268
590 954
453 451
83 81
720 1004
131 126
265 806
166 139
844 843
646 664
892 891
701 697
618 614
333 330
866 930
96 89
369 912
389 383
345 340
804 815
419 404
956 1088
330 1009
12 883
805 777
276 892
28 1
327 292
539 523
67 64
584 577
835 467
882 983
521 837
47 867
556 828
632 631
55 1041
541 872
670 664
318 895
181 1023
447 426
438 411
2 56
83 1053
636 630
550 545
535 534
728 914
570 569
69 67
280 270
467 1056
143 122
734 905
216 804
641 1081
404 395
97 1068
544 541
396 908
673 944
288 274
6 11
795 1015
411 390
146 140
478 468
61 897
421 411
687 676
303 1073
815 209
192 186
11 6
124 116
745 744
231 222
245 214
196 1039
757 755
740 722
356 348
480 479
692 676
408 1027
413 412
435 427
5 4
202 1030
17 770
408 407
465 835
734 733
212 977
183 182
838 1080
299 832
171 1059
565 1084
90 88
423 956
403 402
884 1010
305 864
490 473
1000 798
803 913
126 112
818 1024
949 808
667 842
393 1026
52 886
384 370
562 561
545 541
479 456
633 621
536 555
317 311
505 823
473 915
59 66
620 1089
92 91
832 866
805 786
189 815
255 253
719 1064
684 1052
524 1035
191 165
152 1079
312 290
521 929
551 552
177 171
315 907
610 619
236 231
173 161
1068 1025
378 941
807 999
331 866
884 897
427 390
644 797
71 69
194 927
386 385
99 820
266 903
735 905
209 173
157 1023
342 315
651 1043
378 371
208 815
277 870
689 817
588 858
284 274
386 861
883 24
235 779
621 1089
215 1062
626 625
66 886
758 757
699 688
584 1032
280 789
687 984
833 979
364 356
42 40
866 789
661 969
578 1051
693 685
105 820
654 645
502 824
405 417
1063 1006
233 1006
159 853
658 1052
124 123
616 619
215 194
675 667
969 1002
379 375
522 399
822 934
81 79
180 179
883 56
578 951
895 975
247 892
778 917
774 801
292 281
61 55
484 1028
492 486
366 361
740 1082
942 1070
257 902
913 790
454 438
48 8
949 999
443 440
742 740
344 343
237 235
208 189
55 1010
288 772
24 15
239 176
958 773
798 842
425 400
175 160
330 213
1073 1044
985 1042
175 152
859 966
717 921
219 1040
723 718
597 926
534 533
191 802
784 1031
224 227
629 950
691 692
249 242
200 172
609 976
633 1074
854 802
193 188
198 202
437 1060
105 99
29 0
400 861
11 781
423 409
952 885
810 959
259 239
424 776
602 588
1030 994
980 827
158 156
555 553
306 302
119 113
886 66
257 251
500 496
1036 791
392 383
876 987
659 1052
689 687
258 870
446 411
421 1027
861 912
910 838
165 1014
160 940
618 597
125 116
126 809
464 915
512 915
678 673
66 1031
460 835
169 168
161 144
106 94
275 789
128 115
508 933
380 372
155 154
459 445
512 508
656 885
143 141
65 62
225 845
350 335
669 1048
621 926
242 801
431 428
598 582
573 1050
970 987
139 1021
337 332
523 898
515 923
984 920
823 505
216 203
435 1015
609 949
454 429
507 505
141 122
395 363
269 244
246 849
160 152
186 802
577 1032
960 1017
151 932
428 426
318 1085
714 840
698 694
777 957
245 891
115 809
477 469
659 882
663 1074
374 1087
141 1033
195 1014
311 310
184 183
147 227
521 791
238 220
299 287
78 58
614 602
519 399
993 950
151 145
438 421
98 825
305 303
780 845
441 439
140 932
189 183
523 1011
454 795
98 1021
991 847
375 844
117 796
556 555
469 936
764 762
828 561
844 1087
860 1003
944 990
524 1050
287 266
505 915
785 982
212 201
18 883
704 680
461 450
646 677
278 255
209 815
684 658
660 652
845 780
100 127
561 782
914 1004
170 163
579 808
230 774
201 899
504 498
273 839
109 101
275 880
106 103
333 332
718 723
636 793
307 299
99 769
807 953
562 828
113 1034
456 451
538 480
641 639
234 892
177 1030
994 779
373 367
280 275
36 33
562 556
410 844
850 950
1020 987
242 236
729 848
923 937
345 913
204 198
198 193
781 863
747 748
498 495
172 168
22 799
19 919
75 71
252 891
98 95
74 1031
17 799
102 93
318 282
611 608
998 788
769 820
759 738
413 1057
565 578
248 233
353 346
1 778
295 849
570 563
173 159
504 497
941 980
716 1076
558 951
343 866
509 508
602 595
108 111
669 911
681 785
640 637
643 842
595 858
798 1089
799 813
31 21
661 646
348 346
1023 1078
390 843
1010 884
59 881
309 298
480 467
293 291
445 1056
999 807
422 390
233 1062
194 192
107 104
117 1068
666 788
1074 1046
450 442
501 490
697 683
230 222
420 1088
783 782
1015 463
175 209
596 591
523 838
1001 885
301 880
735 728
37 33
741 847
127 114
557 791
271 246
206 205
290 279
268 935
362 353
767 765
540 533
590 581
30 24
22 16
346 864
489 448
305 866
567 563
203 193
879 988
220 1040
673 672
43 884
485 1011
197 190
29 778
766 945
599 597
155 1059
837 791
619 616
78 75
309 995
152 150
923 480
298 281
146 153
176 846
401 393
611 1013
438 1047
674 788
234 891
515 511
119 116
65 61
196 1030
552 551
573 524
58 31
24 18
76 45
246 227
188 1016
555 898
745 743
716 871
72 931
315 313
642 638
397 386
127 769
518 915
422 419
847 991
983 882
436 422
376 358
763 739
358 894
931 978
111 108
344 980
561 910
536 898
595 1065
174 160
75 58
508 506
1086 813
383 941
157 768
377 843
135 114
521 478
662 661
214 170
87 86
112 809
369 855
502 500
68 784
22 919
370 915
436 419
323 317
365 362
679 672
264 259
826 868
129 128
486 937
755 754
309 895
249 780
398 389
302 282
258 256
920 692
432 430
297 288
162 158
779 801
430 413
591 1051
476 466
885 1001
724 876
356 354
240 233
439 889
871 1074
496 488
282 261
166 968
553 536
118 796
1000 1089
728 876
984 1037
505 786
193 202
89 85
158 853
670 677
862 976
374 360
627 626
687 1037
289 277
94 92
593 592
732 730
228 924
509 506
486 823
563 560
688 673
207 198
1049 887
218 200
1065 829
1060 1088
820 769
482 833
671 666
420 415
985 1070
854 227
387 386
227 854
865 1002
430 979
1029 776
314 312
190 854
836 788
773 958
724 718
797 983
794 877
460 1015
677 676
132 1079
467 454
114 111
165 768
154 145
674 671
849 1019
161 155
501 823
1032 1070
1022 1084
438 435
351 805
17 7
11 9
753 747
370 875
279 1044
598 850
241 845
924 935
1019 1085
221 1003
265 217
157 1068
467 463
431 844
861 855
361 980
69 1072
43 42
100 94
153 146
444 443
241 225
637 852
260 251
506 490
1042 807
85 83
109 796
1089 1000
274 263
457 795
742 748
927 906
850 993
488 833
478 929
63 58
73 874
305 287
570 567
9 770
547 528
296 291
249 236
115 112
987 1020
46 877
457 453
332 330
499 485
7 1008
863 781
812 868
510 823
769 893
229 779
110 107
633 1054
791 1036
267 870
661 990
55 897
462 461
82 81
566 563
1083 1082
579 783
725 715
247 839
564 560
67 947
294 772
303 1044
945 856
16 770
543 540
539 538
578 568
338 333
731 905
498 823
999 949
608 596
23 799
740 1083
286 276
390 844
479 475
195 906
756 753
826 1064
439 1047
652 793
219 210
48 66
281 880
133 127
404 390
692 691
403 397
204 202
849 1040
163 853
383 980
391 377
53 51
110 796
610 600
291 261
160 209
466 841
443 448
277 975
46 863
270 250
154 146
354 346
1056 463
386 1038
349 329
916 578
700 698
819 821
723 840
183 815
722 1020
493 489
737 736
459 918
645 633
27 813
57 884
120 119
103 820
682 785
99 91
34 24
76 56
457 455
1038 1067
15 12
359 296
482 476
1043 1081
625 993
159 156
498 492
895 995
877 794
703 678
320 1009
148 137
718 708
919 781
20 7
935 924
951 1022
667 1055
68 65
718 914
682 1055
542 1028
54 867
301 281
1028 837
406 397
569 564
193 1039
111 106
334 959
676 1037
812 998
871 1076
410 409
532 530
558 791
1088 956
255 249
492 937
335 328
370 786
1082 1083
573 896
325 789
522 519
533 522
147 142
346 986
716 836
1039 1078
400 965
631 601
651 885
68 62
1046 1075
547 782
997 1064
66 784
709 997
156 853
202 198
211 195
174 853
16 919
957 805
893 111
985 773
122 809
234 225
399 875
304 772
123 121
802 854
29 28
377 371
58 48
917 778
340 803
88 769
213 178
264 247
410 843
541 540
580 783
259 839
77 72
277 268
835 937
55 44
625 862
600 953
8 7
27 1086
788 836
709 682
186 955
474 835
786 855
475 771
66 1072
391 843
649 950
907 960
568 565
373 386
945 834
746 717
59 813
953 807
708 706
382 373
813 787
799 919
375 374
214 846
576 570
863 877
665 871
368 352
686 1018
724 723
679 676
221 217
324 966
261 246
267 240
149 82
222 216
363 1087
282 849
253 241
380 816
883 867
426 423
35 0
231 804
324 316
734 724
412 908
717 716
1 0
1032 953
59 886
666 665
639 1081
947 1072
804 1016
531 514
483 833
331 832
694 984
129 115
190 180
765 762
297 262
61 978
1063 935
227 224
427 422
649 1058
471 467
564 1051
136 135
191 186
724 914
278 272
247 214
226 779
70 69
313 302
549 544
671 788
435 390
497 937
884 775
643 617
24 883
341 323
342 805
495 823
643 636
516 1035
819 1014
285 254
6 770
801 774
351 336
291 805
843 844
849 227
364 941
243 244
188 184
181 1039
685 674
337 803
95 1021
527 526
44 919
733 848
298 283
696 692
827 980
1018 1052
487 501
887 973
205 198
715 711
511 504
559 879
111 769
754 753
236 801
873 861
335 960
399 384
362 349
691 677
705 700
773 954
1004 1049
352 343
628 626
589 576
1043 1001
556 910
575 566
555 561
209 185
310 259
618 602
529 515
125 114
705 699
230 207
710 707
286 892
274 892
168 167
480 835
26 23
976 862
487 915
874 784
328 300
440 448
751 725
328 1077
200 811
628 627
294 286
416 415
776 424
79 1053
185 174
669 1043
43 886
440 956
842 793
354 353
292 275
367 873
706 699
380 912
548 808
809 1034
713 970
915 505
752 749
683 668
122 113
49 867
205 204
766 834
9 919
529 528
150 133
291 271
763 743
407 397
283 281
73 878
507 501
117 110
753 751
992 788
684 683
579 879
16 9
244 243
60 867
215 210
169 167
731 840
165 1023
90 967
630 798
500 493
1090 1036
445 441
300 289
484 938
711 885
985 807
370 359
1005 1062
155 145
894 1029
470 465
113 769
348 986
445 439
484 462
534 399
143 126
371 843
210 199
950 996
211 201
415 412
712 708
625 1042
828 818
547 529
133 125
250 243
710 887
337 333
683 680
634 1074
14 13
920 984
179 802
387 1038
308 288
916 1051
589 1007
480 471
106 105
296 805
1046 1074
668 649
609 862
620 618
253 943
415 1088
1056 835
344 322
267 258
64 66
719 826
1015 1056
231 198
603 596
490 477
112 109
695 692
560 830
27 20
253 252
208 804
877 778
914 887
1042 999
983 885
794 781
877 917
1065 1007
781 794
949 1042
145 932
789 866
1082 876
993 850
919 877
807 985
302 777
24 867
919 794
807 1024
985 1024
1036 1090
863 794
1042 773
917 781
778 863
949 807
885 983
953 999
834 945